      8.19     99.57      6.34     57.83     60.02     75.31      1.01     69.20      5.28     17.89     17.50     76.47     50.20     47.91     32.28     37.37     53.61     20.34     42.69     42.42
     88.73     90.19     70.09     69.14     21.55     49.02     84.50     84.09     57.41     40.22     49.04     11.78     32.82     46.06     84.11     13.27     32.50     27.87     81.13     95.16
     93.20     92.27     53.54     99.91     15.11     51.01     98.68     12.41     39.49     39.69     58.45     54.18     66.69     61.45      8.98     26.95     82.76     25.98     79.76     10.00
     34.53     60.94      1.37     12.26     43.50     83.45      7.69     29.07     76.92     32.67     72.88     56.27      0.58     80.65     46.85     69.67     22.86     58.77     63.51     86.78
      1.52     59.47     35.64     89.24     25.96     98.95     17.06     99.77      6.25     55.60      8.75     74.98     97.33     30.92      8.55     97.10     61.67     15.15     56.09     21.58
     27.33     77.83      4.31     65.27     29.15     45.54     56.72      0.21     30.77     73.18     45.70     51.92     12.44     63.30     91.33     87.87     75.49     38.59     72.41     21.63
     58.08     26.85     61.76     51.40     78.94     74.78     26.58     97.80     25.65     67.09     71.04      5.03     82.68     91.19      3.42     22.06     50.14     53.63     42.52     85.90
     39.40     24.66     39.71     88.03     43.61     59.70     81.59     16.42     72.40     22.45     55.89     30.97      8.62     13.48      8.49     47.88     92.10     90.11     92.94     79.98
     60.37     48.79     15.72      4.15     79.56     29.50      9.98      4.39     80.15     93.11     28.63     69.92     71.56     17.49     33.68     11.01     47.15     55.69     72.62     92.39
      7.21      0.49     75.40     73.82     20.93      3.69     75.46     90.61     20.69      5.45     57.15      2.84     71.91     39.37     58.40     91.73     89.97     92.57     12.34     83.65
     82.06     15.94     94.38     38.09     76.29      0.19     52.41     44.46     63.03     55.25     36.96     34.52     14.08     57.15     15.21     32.07     64.13     55.02     48.53     29.73
     36.17     63.16     36.34      3.60     67.18     98.60     81.20     51.24     44.06     62.41      9.29     65.53     90.84      5.14     88.97     37.70     57.89     60.94     25.50     16.64
     51.27     82.93     74.69     37.92      6.08     63.07     10.30     76.65     51.80     74.03      0.27     70.66     39.17     27.37     95.83      7.05     98.56      2.92     13.71     64.46
     77.88     67.43     96.82     55.76     64.49     67.06     71.46     21.39     29.92     48.01     80.35     82.43     48.98     32.33     59.62     74.14     35.44     51.71     45.63     45.79
      5.33     21.19     42.44     30.46     25.92     16.83     54.65     59.93     33.47      6.49     91.74     24.00      6.16     71.57     79.95     50.86     59.91     48.70     75.68     15.95
     94.17     15.14     60.30     70.32     52.56     39.67     10.47     16.30     78.81     21.02     80.50     48.22     42.34     40.60      3.42     19.14     79.81     62.87     16.16     90.47
     49.06     27.20     40.97     70.97     20.03     88.46      9.57     53.83     33.76     79.95      0.16     16.22     44.73     91.98     67.62     54.40     24.82     82.30     87.06     89.13
     47.51     60.11     97.85     91.38     90.00     14.78     30.64     46.06     87.84     92.30     23.60     92.83     51.80     57.75     85.66     57.53      9.80     20.60     44.25     14.88
     68.34     40.91     23.10      3.92     96.93     79.47     31.63     51.27     27.07      2.26     11.52     44.12     22.78      0.90     78.57     34.69     23.46     44.47     18.05     51.25
     82.18     35.30     40.64     36.59     22.13      1.65     82.37     34.52     12.71     23.50     37.04     97.16     22.49     54.18     42.30     91.47     41.36     70.27      1.75     42.10
